0 0 2
1 1 8
2 2 18
3 3 32
4 4 50
0 0 5,55555555555556
1 1 22,2222222222222
0 0 5,55555555555556
1 1 22,2222222222222
2 2 50
0 0 5,55555555555556
1 1 22,2222222222222
2 2 50
0 0 3,125
0 0 3,125
1 1 12,5
1 1 12,5
2 2 28,125
2 2 28,125
3 3 50
3 3 50
0 0 6,25
0 0 6,25
0 0 6,25
1 2 25
1 2 25
1 2 25
2 4 56,25
2 4 56,25
2 4 56,25
3 6 100
3 6 100
3 6 100
0 0 6,25
0 0 6,25
0 0 6,25
0 0 6,25
1 2 25
1 2 25
1 2 25
1 2 25
2 4 56,25
2 4 56,25
2 4 56,25
2 4 56,25
3 6 100
3 6 100
3 6 100
3 6 100
0 0 11,1111111111111
1 2 44,4444444444445
2 4 100
0 0 11,1111111111111
1 2 44,4444444444445
2 4 100
0 0 11,1111111111111
1 2 44,4444444444445
2 4 100
0 0 0,01
1 2 0,04
2 4 0,09
3 6 0,16
4 8 0,25
5 10 0,36
6 12 0,49
7 14 0,64
8 16 0,81
9 18 1
10 20 1,21
11 22 1,44
12 24 1,69
13 26 1,96
14 28 2,25
15 30 2,56
16 32 2,89
17 34 3,24
18 36 3,61
19 38 4
20 40 4,41
21 42 4,84
22 44 5,29
23 46 5,76
24 48 6,25
25 50 6,76
26 52 7,29
27 54 7,84
28 56 8,41
29 58 9
30 60 9,61
31 62 10,24
32 64 10,89
33 66 11,56
34 68 12,25
35 70 12,96
36 72 13,69
37 74 14,44
38 76 15,21
39 78 16
40 80 16,81
41 82 17,64
42 84 18,49
43 86 19,36
44 88 20,25
45 90 21,16
46 92 22,09
47 94 23,04
48 96 24,01
49 98 25
50 100 26,01
51 102 27,04
52 104 28,09
53 106 29,16
54 108 30,25
55 110 31,36
56 112 32,49
57 114 33,64
58 116 34,81
59 118 36
60 120 37,21
61 122 38,44
62 124 39,69
63 126 40,96
64 128 42,25
65 130 43,56
66 132 44,89
67 134 46,24
68 136 47,61
69 138 49
70 140 50,41
71 142 51,84
72 144 53,29
73 146 54,76
74 148 56,25
75 150 57,76
76 152 59,29
77 154 60,84
78 156 62,41
79 158 64
80 160 65,61
81 162 67,24
82 164 68,89
83 166 70,56
84 168 72,25
85 170 73,96
86 172 75,69
87 174 77,44
88 176 79,21
89 178 81
90 180 82,81
91 182 84,64
92 184 86,49
93 186 88,36
94 188 90,25
95 190 92,16
96 192 94,09
97 194 96,04
98 196 98,01
99 198 100
0 0 0,02
0 0 0,02
1 4 0,08
1 4 0,08
2 8 0,18
2 8 0,18
3 12 0,32
3 12 0,32
4 16 0,5
4 16 0,5
5 20 0,72
5 20 0,72
6 24 0,98
6 24 0,98
7 28 1,28
7 28 1,28
8 32 1,62
8 32 1,62
9 36 2
9 36 2
10 40 2,42
10 40 2,42
11 44 2,88
11 44 2,88
12 48 3,38
12 48 3,38
13 52 3,92
13 52 3,92
14 56 4,5
14 56 4,5
15 60 5,12
15 60 5,12
16 64 5,78
16 64 5,78
17 68 6,48
17 68 6,48
18 72 7,22
18 72 7,22
19 76 8
19 76 8
20 80 8,82
20 80 8,82
21 84 9,68
21 84 9,68
22 88 10,58
22 88 10,58
23 92 11,52
23 92 11,52
24 96 12,5
24 96 12,5
25 100 13,52
25 100 13,52
26 104 14,58
26 104 14,58
27 108 15,68
27 108 15,68
28 112 16,82
28 112 16,82
29 116 18
29 116 18
30 120 19,22
30 120 19,22
31 124 20,48
31 124 20,48
32 128 21,78
32 128 21,78
33 132 23,12
33 132 23,12
34 136 24,5
34 136 24,5
35 140 25,92
35 140 25,92
36 144 27,38
36 144 27,38
37 148 28,88
37 148 28,88
38 152 30,42
38 152 30,42
39 156 32
39 156 32
40 160 33,62
40 160 33,62
41 164 35,28
41 164 35,28
42 168 36,98
42 168 36,98
43 172 38,72
43 172 38,72
44 176 40,5
44 176 40,5
45 180 42,32
45 180 42,32
46 184 44,18
46 184 44,18
47 188 46,08
47 188 46,08
48 192 48,02
48 192 48,02
49 196 50
49 196 50
50 200 52,02
50 200 52,02
51 204 54,08
51 204 54,08
52 208 56,18
52 208 56,18
53 212 58,32
53 212 58,32
54 216 60,5
54 216 60,5
55 220 62,72
55 220 62,72
56 224 64,98
56 224 64,98
57 228 67,28
57 228 67,28
58 232 69,62
58 232 69,62
59 236 72
59 236 72
60 240 74,42
60 240 74,42
61 244 76,88
61 244 76,88
62 248 79,38
62 248 79,38
63 252 81,92
63 252 81,92
64 256 84,5
64 256 84,5
65 260 87,12
65 260 87,12
66 264 89,78
66 264 89,78
67 268 92,48
67 268 92,48
68 272 95,22
68 272 95,22
69 276 98
69 276 98
70 280 100,82
70 280 100,82
71 284 103,68
71 284 103,68
72 288 106,58
72 288 106,58
73 292 109,52
73 292 109,52
74 296 112,5
74 296 112,5
75 300 115,52
75 300 115,52
76 304 118,58
76 304 118,58
77 308 121,68
77 308 121,68
78 312 124,82
78 312 124,82
79 316 128
79 316 128
80 320 131,22
80 320 131,22
81 324 134,48
81 324 134,48
82 328 137,78
82 328 137,78
83 332 141,12
83 332 141,12
84 336 144,5
84 336 144,5
85 340 147,92
85 340 147,92
86 344 151,38
86 344 151,38
87 348 154,88
87 348 154,88
88 352 158,42
88 352 158,42
89 356 162
89 356 162
90 360 165,62
90 360 165,62
91 364 169,28
91 364 169,28
92 368 172,98
92 368 172,98
93 372 176,72
93 372 176,72
94 376 180,5
94 376 180,5
95 380 184,32
95 380 184,32
96 384 188,18
96 384 188,18
97 388 192,08
97 388 192,08
98 392 196,02
98 392 196,02
99 396 200
99 396 200
0 0 0,14792899408284
1 2 0,591715976331361
2 4 1,33136094674556
3 6 2,36686390532544
4 8 3,69822485207101
5 10 5,32544378698225
6 12 7,24852071005917
7 14 9,46745562130178
8 16 11,9822485207101
9 18 14,792899408284
10 20 17,8994082840237
11 22 21,301775147929
12 24 25
13 26 28,9940828402367
14 28 33,2840236686391
15 30 37,8698224852071
16 32 42,7514792899408
17 34 47,9289940828402
18 36 53,4023668639053
19 38 59,1715976331361
20 40 65,2366863905326
21 42 71,5976331360947
22 44 78,2544378698225
23 46 85,207100591716
24 48 92,4556213017752
25 50 100
0 0 4
1 2 16
2 4 36
3 6 64
4 8 100
0 0 1,02040816326531
1 1 4,08163265306122
2 2 9,18367346938776
3 3 16,3265306122449
4 4 25,5102040816327
5 5 36,734693877551
6 6 50
0 0 1,02040816326531
1 1 4,08163265306122
2 2 9,18367346938776
3 3 16,3265306122449
4 4 25,5102040816327
5 5 36,734693877551
6 6 50
0 0 1,02040816326531
1 1 4,08163265306122
2 2 9,18367346938776
3 3 16,3265306122449
4 4 25,5102040816327
5 5 36,734693877551
6 6 50
0 0 0,222222222222222
0 0 0,222222222222222
1 1 0,888888888888889
1 1 0,888888888888889
2 2 2
2 2 2
3 3 3,55555555555556
3 3 3,55555555555556
4 4 5,55555555555556
4 4 5,55555555555556
5 5 8
5 5 8
6 6 10,8888888888889
6 6 10,8888888888889
7 7 14,2222222222222
7 7 14,2222222222222
8 8 18
8 8 18
9 9 22,2222222222222
9 9 22,2222222222222
10 10 26,8888888888889
10 10 26,8888888888889
11 11 32
11 11 32
12 12 37,5555555555556
12 12 37,5555555555556
13 13 43,5555555555556
13 13 43,5555555555556
14 14 50
14 14 50
0 0 0,222222222222222
1 1 0,888888888888889
2 2 2
3 3 3,55555555555556
4 4 5,55555555555556
5 5 8
6 6 10,8888888888889
7 7 14,2222222222222
8 8 18
9 9 22,2222222222222
10 10 26,8888888888889
11 11 32
12 12 37,5555555555556
13 13 43,5555555555556
14 14 50
0 0 0,0143636885952313
0 0 0,0143636885952313
1 1 0,057454754380925
1 1 0,057454754380925
2 2 0,129273197357081
2 2 0,129273197357081
3 3 0,2298190175237
3 3 0,2298190175237
4 4 0,359092214880781
4 4 0,359092214880781
5 5 0,517092789428325
5 5 0,517092789428325
6 6 0,703820741166331
6 6 0,703820741166331
7 7 0,9192760700948
7 7 0,9192760700948
8 8 1,16345877621373
8 8 1,16345877621373
9 9 1,43636885952313
9 9 1,43636885952313
10 10 1,73800632002298
10 10 1,73800632002298
11 11 2,0683711577133
11 11 2,0683711577133
12 12 2,42746337259408
12 12 2,42746337259408
13 13 2,81528296466533
13 13 2,81528296466533
14 14 3,23182993392703
14 14 3,23182993392703
15 15 3,6771042803792
15 15 3,6771042803792
16 16 4,15110600402183
16 16 4,15110600402183
17 17 4,65383510485493
17 17 4,65383510485493
18 18 5,18529158287848
18 18 5,18529158287848
19 19 5,7454754380925
19 19 5,7454754380925
20 20 6,33438667049698
20 20 6,33438667049698
21 21 6,95202528009193
21 21 6,95202528009193
22 22 7,59839126687733
22 22 7,59839126687733
23 23 8,2734846308532
23 23 8,2734846308532
24 24 8,97730537201953
24 24 8,97730537201953
25 25 9,70985349037633
25 25 9,70985349037633
26 26 10,4711289859236
26 26 10,4711289859236
27 27 11,2611318586613
27 27 11,2611318586613
28 28 12,0798621085895
28 28 12,0798621085895
29 29 12,9273197357081
29 29 12,9273197357081
30 30 13,8035047400172
30 30 13,8035047400172
31 31 14,7084171215168
31 31 14,7084171215168
32 32 15,6420568802068
32 32 15,6420568802068
33 33 16,6044240160873
33 33 16,6044240160873
34 34 17,5955185291583
34 34 17,5955185291583
35 35 18,6153404194197
35 35 18,6153404194197
36 36 19,6638896868716
36 36 19,6638896868716
37 37 20,7411663315139
37 37 20,7411663315139
38 38 21,8471703533467
38 38 21,8471703533467
39 39 22,98190175237
39 39 22,98190175237
40 40 24,1453605285837
40 40 24,1453605285837
41 41 25,3375466819879
41 41 25,3375466819879
42 42 26,5584602125826
42 42 26,5584602125826
43 43 27,8081011203677
43 43 27,8081011203677
44 44 29,0864694053433
44 44 29,0864694053433
45 45 30,3935650675093
45 45 30,3935650675093
46 46 31,7293881068658
46 46 31,7293881068658
47 47 33,0939385234128
47 47 33,0939385234128
48 48 34,4872163171502
48 48 34,4872163171502
49 49 35,9092214880781
49 49 35,9092214880781
50 50 37,3599540361965
50 50 37,3599540361965
51 51 38,8394139615053
51 51 38,8394139615053
52 52 40,3476012640046
52 52 40,3476012640046
53 53 41,8845159436943
53 53 41,8845159436943
54 54 43,4501580005745
54 54 43,4501580005745
55 55 45,0445274346452
55 55 45,0445274346452
56 56 46,6676242459063
56 56 46,6676242459063
57 57 48,3194484343579
57 57 48,3194484343579
58 58 50
58 58 50
0 3 1,62666666666667
1 12 4,53333333333333
2 31 9,36
3 60 16,7466666666667
4 99 27,3333333333333
5 148 41,76
6 207 60,6666666666667
7 276 84,6933333333333
8 355 114,48
9 444 150,666666666667
10 543 193,893333333333
11 652 244,8
12 771 304,026666666667
13 900 372,213333333333
14 1039 450
15 1188 538,026666666667
16 1347 636,933333333333
17 1516 747,36
18 1695 869,946666666667
19 1884 1005,33333333333
20 2083 1154,16
21 2292 1317,06666666667
22 2511 1494,69333333333
23 2740 1687,68
24 2979 1896,66666666667
0 3 1,62666666666667
0 3 1,62666666666667
1 12 4,53333333333333
1 12 4,53333333333333
2 31 9,36
2 31 9,36
3 60 16,7466666666667
3 60 16,7466666666667
4 99 27,3333333333333
4 99 27,3333333333333
5 148 41,76
5 148 41,76
6 207 60,6666666666667
6 207 60,6666666666667
7 276 84,6933333333333
7 276 84,6933333333333
8 355 114,48
8 355 114,48
9 444 150,666666666667
9 444 150,666666666667
10 543 193,893333333333
10 543 193,893333333333
11 652 244,8
11 652 244,8
12 771 304,026666666667
12 771 304,026666666667
13 900 372,213333333333
13 900 372,213333333333
14 1039 450
14 1039 450
15 1188 538,026666666667
15 1188 538,026666666667
16 1347 636,933333333333
16 1347 636,933333333333
17 1516 747,36
17 1516 747,36
18 1695 869,946666666667
18 1695 869,946666666667
19 1884 1005,33333333333
19 1884 1005,33333333333
20 2083 1154,16
20 2083 1154,16
21 2292 1317,06666666667
21 2292 1317,06666666667
22 2511 1494,69333333333
22 2511 1494,69333333333
23 2740 1687,68
23 2740 1687,68
24 2979 1896,66666666667
24 2979 1896,66666666667
0 3 1,62666666666667
0 3 1,62666666666667
0 3 1,62666666666667
1 12 4,53333333333333
1 12 4,53333333333333
1 12 4,53333333333333
2 31 9,36
2 31 9,36
2 31 9,36
3 60 16,7466666666667
3 60 16,7466666666667
3 60 16,7466666666667
4 99 27,3333333333333
4 99 27,3333333333333
4 99 27,3333333333333
5 148 41,76
5 148 41,76
5 148 41,76
6 207 60,6666666666667
6 207 60,6666666666667
6 207 60,6666666666667
7 276 84,6933333333333
7 276 84,6933333333333
7 276 84,6933333333333
8 355 114,48
8 355 114,48
8 355 114,48
9 444 150,666666666667
9 444 150,666666666667
9 444 150,666666666667
10 543 193,893333333333
10 543 193,893333333333
10 543 193,893333333333
11 652 244,8
11 652 244,8
11 652 244,8
12 771 304,026666666667
12 771 304,026666666667
12 771 304,026666666667
13 900 372,213333333333
13 900 372,213333333333
13 900 372,213333333333
14 1039 450
14 1039 450
14 1039 450
15 1188 538,026666666667
15 1188 538,026666666667
15 1188 538,026666666667
16 1347 636,933333333333
16 1347 636,933333333333
16 1347 636,933333333333
17 1516 747,36
17 1516 747,36
17 1516 747,36
18 1695 869,946666666667
18 1695 869,946666666667
18 1695 869,946666666667
19 1884 1005,33333333333
19 1884 1005,33333333333
19 1884 1005,33333333333
20 2083 1154,16
20 2083 1154,16
20 2083 1154,16
21 2292 1317,06666666667
21 2292 1317,06666666667
21 2292 1317,06666666667
22 2511 1494,69333333333
22 2511 1494,69333333333
22 2511 1494,69333333333
23 2740 1687,68
23 2740 1687,68
23 2740 1687,68
24 2979 1896,66666666667
24 2979 1896,66666666667
24 2979 1896,66666666667
0 0 2
1 1 8
2 2 18
3 3 32
4 4 50
0 0 1,38888888888889
0 0 1,38888888888889
1 1 5,55555555555556
1 1 5,55555555555556
2 2 12,5
2 2 12,5
3 3 22,2222222222222
3 3 22,2222222222222
4 4 34,7222222222222
4 4 34,7222222222222
5 5 50
5 5 50
0 0 6,94444444444445
1 5 27,7777777777778
2 10 62,5
3 15 111,111111111111
4 20 173,611111111111
5 25 250
0 0 6,94444444444445
0 0 6,94444444444445
1 5 27,7777777777778
1 5 27,7777777777778
2 10 62,5
2 10 62,5
3 15 111,111111111111
3 15 111,111111111111
4 20 173,611111111111
4 20 173,611111111111
5 25 250
5 25 250
0 0 2
1 1 8
2 2 18
3 3 32
4 4 50
0 0 2
0 0 2
1 1 8
1 1 8
2 2 18
2 2 18
3 3 32
3 3 32
4 4 50
4 4 50
0 0 0,1953125
0 0 0,1953125
0 0 0,1953125
1 1 0,78125
1 1 0,78125
1 1 0,78125
2 2 1,7578125
2 2 1,7578125
2 2 1,7578125
3 3 3,125
3 3 3,125
3 3 3,125
4 4 4,8828125
4 4 4,8828125
4 4 4,8828125
5 5 7,03125
5 5 7,03125
5 5 7,03125
6 6 9,5703125
6 6 9,5703125
6 6 9,5703125
7 7 12,5
7 7 12,5
7 7 12,5
8 8 15,8203125
8 8 15,8203125
8 8 15,8203125
9 9 19,53125
9 9 19,53125
9 9 19,53125
10 10 23,6328125
10 10 23,6328125
10 10 23,6328125
11 11 28,125
11 11 28,125
11 11 28,125
12 12 33,0078125
12 12 33,0078125
12 12 33,0078125
13 13 38,28125
13 13 38,28125
13 13 38,28125
14 14 43,9453125
14 14 43,9453125
14 14 43,9453125
15 15 50
15 15 50
15 15 50
0 0 1,38888888888889
1 1 5,55555555555556
2 2 12,5
3 3 22,2222222222222
4 4 34,7222222222222
5 5 50
0 0 0,5
1 1 2
2 2 4,5
3 3 8
4 4 12,5
5 5 18
6 6 24,5
7 7 32
8 8 40,5
9 9 50
0 0 0,03125
0 0 0,03125
1 1 0,125
1 1 0,125
2 2 0,28125
2 2 0,28125
3 3 0,5
3 3 0,5
4 4 0,78125
4 4 0,78125
5 5 1,125
5 5 1,125
6 6 1,53125
6 6 1,53125
7 7 2
7 7 2
0 0 0,5
1 1 2
2 2 4,5
3 3 8
4 4 12,5
5 5 18
6 6 24,5
7 7 32
8 8 40,5
9 9 50
0 0 0,411522633744856
1 6 1,64609053497942
2 12 3,7037037037037
3 18 6,5843621399177
4 24 10,2880658436214
5 30 14,8148148148148
6 36 20,1646090534979
7 42 26,3374485596708
8 48 33,3333333333333
9 54 41,1522633744856
10 60 49,7942386831276
11 66 59,2592592592593
12 72 69,5473251028806
13 78 80,6584362139918
14 84 92,5925925925926
15 90 105,349794238683
16 96 118,930041152263
17 102 133,333333333333
18 108 148,559670781893
19 114 164,609053497942
20 120 181,481481481481
21 126 199,17695473251
22 132 217,695473251029
23 138 237,037037037037
24 144 257,201646090535
25 150 278,189300411523
26 156 300
0 0 77,7777777777778
1 56 311,111111111111
2 112 700
3 168 1244,44444444444
4 224 1944,44444444444
5 280 2800
0 0 77,7777777777778
0 0 77,7777777777778
1 56 311,111111111111
1 56 311,111111111111
2 112 700
2 112 700
3 168 1244,44444444444
3 168 1244,44444444444
4 224 1944,44444444444
4 224 1944,44444444444
5 280 2800
5 280 2800
0 0 10
1 5 40
2 10 90
3 15 160
4 20 250
0 0 0
1 5 20
2 10 60
3 15 120
4 20 200
0 0 10
0 0 10
1 5 40
1 5 40
2 10 90
2 10 90
3 15 160
3 15 160
4 20 250
4 20 250
0 0 10
0 0 10
0 0 10
1 5 40
1 5 40
1 5 40
2 10 90
2 10 90
2 10 90
3 15 160
3 15 160
3 15 160
4 20 250
4 20 250
4 20 250
0 0 0
0 0 0
1 5 20
1 5 20
2 10 60
2 10 60
3 15 120
3 15 120
4 20 200
4 20 200
0 0 6,25
1 2 25
2 4 56,25
3 6 100
0 0 6,25
1 2 25
2 4 56,25
3 6 100
0 0 2,04081632653061
1 2 8,16326530612245
2 4 18,3673469387755
3 6 32,6530612244898
4 8 51,0204081632653
5 10 73,469387755102
6 12 100
0 0 0,694444444444445
1 2 2,77777777777778
2 4 6,25
3 6 11,1111111111111
4 8 17,3611111111111
5 10 25
6 12 34,0277777777778
7 14 44,4444444444445
8 16 56,25
9 18 69,4444444444445
10 20 84,0277777777778
11 22 100
0 0 0,444444444444444
1 2 1,77777777777778
2 4 4
3 6 7,11111111111111
4 8 11,1111111111111
5 10 16
6 12 21,7777777777778
7 14 28,4444444444444
8 16 36
9 18 44,4444444444444
10 20 53,7777777777778
11 22 64
12 24 75,1111111111111
13 26 87,1111111111111
14 28 100
0 5 7,5
1 10 20
2 15 37,5
3 20 60
4 25 87,5
5 30 120
6 35 157,5
7 40 200
8 45 247,5
9 50 300
0 5 7,5
1 10 20
2 15 37,5
3 20 60
4 25 87,5
5 30 120
6 35 157,5
7 40 200
8 45 247,5
9 50 300
0 5 7,5
1 10 20
2 15 37,5
3 20 60
4 25 87,5
5 30 120
6 35 157,5
7 40 200
8 45 247,5
9 50 300
0 5 7,5
1 10 20
2 15 37,5
3 20 60
4 25 87,5
5 30 120
6 35 157,5
7 40 200
8 45 247,5
9 50 300
0 5 7,5
1 10 20
2 15 37,5
3 20 60
4 25 87,5
5 30 120
6 35 157,5
7 40 200
8 45 247,5
9 50 300
0 5 7,5
1 10 20
2 15 37,5
3 20 60
4 25 87,5
5 30 120
6 35 157,5
7 40 200
8 45 247,5
9 50 300
0 5 5
1 10 15
2 15 30
3 20 50
4 25 75
5 30 105
6 35 140
7 40 180
8 45 225
9 50 275
-10 -45 -17,6
-9 -40 -34,4
-8 -35 -50,4
-7 -30 -65,6
-6 -25 -80
-5 -20 -93,6
-4 -15 -106,4
-3 -10 -118,4
-2 -5 -129,6
-1 0 -140
0 5 -149,6
1 10 -158,4
2 15 -166,4
3 20 -173,6
4 25 -180
5 30 -185,6
6 35 -190,4
7 40 -194,4
8 45 -197,6
9 50 -200
10 55 -201,6
11 60 -202,4
12 65 -202,4
13 70 -201,6
14 75 -200
15 80 -197,6
16 85 -194,4
17 90 -190,4
18 95 -185,6
19 100 -180
20 105 -173,6
21 110 -166,4
22 115 -158,4
23 120 -149,6
24 125 -140
25 130 -129,6
26 135 -118,4
27 140 -106,4
28 145 -93,6
29 150 -80
30 155 -65,6
31 160 -50,4
32 165 -34,4
33 170 -17,6
34 175 -1,4210854715202E-14
35 180 18,4
36 185 37,6
37 190 57,6
38 195 78,4
39 200 100
-10 -45 -80
-9 -40 -140
-8 -35 -180
-7 -30 -200
-6 -25 -200
-5 -20 -180
-4 -15 -140
-3 -10 -80
-2 -5 0
-1 0 100
-10 -45 -90
-9 -40 -160
-8 -35 -210
-7 -30 -240
-6 -25 -250
-5 -20 -240
-4 -15 -210
-3 -10 -160
-2 -5 -90
-1 0 0
-10 -45 -18
-9 -40 -35,2
-8 -35 -51,6
-7 -30 -67,2
-6 -25 -82
-5 -20 -96
-4 -15 -109,2
-3 -10 -121,6
-2 -5 -133,2
-1 0 -144
0 5 -154
1 10 -163,2
2 15 -171,6
3 20 -179,2
4 25 -186
5 30 -192
6 35 -197,2
7 40 -201,6
8 45 -205,2
9 50 -208
10 55 -210
11 60 -211,2
12 65 -211,6
13 70 -211,2
14 75 -210
15 80 -208
16 85 -205,2
17 90 -201,6
18 95 -197,2
19 100 -192
20 105 -186
21 110 -179,2
22 115 -171,6
23 120 -163,2
24 125 -154
25 130 -144
26 135 -133,2
27 140 -121,6
28 145 -109,2
29 150 -96
30 155 -82
31 160 -67,2
32 165 -51,6
33 170 -35,2
34 175 -18
35 180 2,8421709430404E-14
36 185 18,8
37 190 38,4
38 195 58,8
39 200 80
-10 -45 -22,5
-9 -40 -43,75
-8 -35 -63,75
-7 -30 -82,5
-6 -25 -100
-5 -20 -116,25
-4 -15 -131,25
-3 -10 -145
-2 -5 -157,5
-1 0 -168,75
0 5 -178,75
1 10 -187,5
2 15 -195
3 20 -201,25
4 25 -206,25
5 30 -210
6 35 -212,5
7 40 -213,75
8 45 -213,75
9 50 -212,5
10 55 -210
11 60 -206,25
12 65 -201,25
13 70 -195
14 75 -187,5
15 80 -178,75
16 85 -168,75
17 90 -157,5
18 95 -145
19 100 -131,25
20 105 -116,25
21 110 -100
22 115 -82,5
23 120 -63,75
24 125 -43,75
25 130 -22,5
26 135 0
27 140 23,75
28 145 48,75
29 150 75
-10 455 89,1133333333333
-9 365 174,506666666667
-8 285 256,26
-7 215 334,453333333333
-6 155 409,166666666667
-5 105 480,48
-4 65 548,473333333333
-3 35 613,226666666667
-2 15 674,82
-1 5 733,333333333333
0 5 788,846666666667
1 15 841,44
2 35 891,193333333333
3 65 938,186666666667
4 105 982,5
5 155 1024,21333333333
6 215 1063,40666666667
7 285 1100,16
8 365 1134,55333333333
9 455 1166,66666666667
10 555 1196,58
11 665 1224,37333333333
12 785 1250,12666666667
13 915 1273,92
14 1055 1295,83333333333
15 1205 1315,94666666667
16 1365 1334,34
17 1535 1351,09333333333
18 1715 1366,28666666667
19 1905 1380
20 2105 1392,31333333333
21 2315 1403,30666666667
22 2535 1413,06
23 2765 1421,65333333333
24 3005 1429,16666666667
25 3255 1435,68
26 3515 1441,27333333333
27 3785 1446,02666666667
28 4065 1450,02
29 4355 1453,33333333333
30 4655 1456,04666666667
31 4965 1458,24
32 5285 1459,99333333333
33 5615 1461,38666666667
34 5955 1462,5
35 6305 1463,41333333333
36 6665 1464,20666666667
37 7035 1464,96
38 7415 1465,75333333333
39 7805 1466,66666666667
40 8205 1467,78
41 8615 1469,17333333333
42 9035 1470,92666666667
43 9465 1473,12
44 9905 1475,83333333333
45 10355 1479,14666666667
46 10815 1483,14
47 11285 1487,89333333333
48 11765 1493,48666666667
49 12255 1500
50 12755 1507,51333333333
51 13265 1516,10666666667
52 13785 1525,86
53 14315 1536,85333333333
54 14855 1549,16666666667
55 15405 1562,88
56 15965 1578,07333333333
57 16535 1594,82666666667
58 17115 1613,22
59 17705 1633,33333333333
60 18305 1655,24666666667
61 18915 1679,04
62 19535 1704,79333333333
63 20165 1732,58666666667
64 20805 1762,5
65 21455 1794,61333333333
66 22115 1829,00666666667
67 22785 1865,76
68 23465 1904,95333333333
69 24155 1946,66666666667
70 24855 1990,98
71 25565 2037,97333333333
72 26285 2087,72666666667
73 27015 2140,32
74 27755 2195,83333333333
75 28505 2254,34666666667
76 29265 2315,94
77 30035 2380,69333333333
78 30815 2448,68666666667
79 31605 2520
80 32405 2594,71333333333
81 33215 2672,90666666667
82 34035 2754,66
83 34865 2840,05333333333
84 35705 2929,16666666667
85 36555 3022,08
86 37415 3118,87333333333
87 38285 3219,62666666667
88 39165 3324,42
89 40055 3433,33333333333
-10 455 91
-9 365 178,24
-8 285 261,8
-7 215 341,76
-6 155 418,2
-5 105 491,2
-4 65 560,84
-3 35 627,2
-2 15 690,36
-1 5 750,4
0 5 807,4
1 15 861,44
2 35 912,6
3 65 960,96
4 105 1006,6
5 155 1049,6
6 215 1090,04
7 285 1128
8 365 1163,56
9 455 1196,8
10 555 1227,8
11 665 1256,64
12 785 1283,4
13 915 1308,16
14 1055 1331
15 1205 1352
16 1365 1371,24
17 1535 1388,8
18 1715 1404,76
19 1905 1419,2
20 2105 1432,2
21 2315 1443,84
22 2535 1454,2
23 2765 1463,36
24 3005 1471,4
25 3255 1478,4
26 3515 1484,44
27 3785 1489,6
28 4065 1493,96
29 4355 1497,6
30 4655 1500,6
31 4965 1503,04
32 5285 1505
33 5615 1506,56
34 5955 1507,8
35 6305 1508,8
36 6665 1509,64
37 7035 1510,4
38 7415 1511,16
39 7805 1512
40 8205 1513
41 8615 1514,24
42 9035 1515,8
43 9465 1517,76
44 9905 1520,2
45 10355 1523,2
46 10815 1526,84
47 11285 1531,2
48 11765 1536,36
49 12255 1542,4
50 12755 1549,4
51 13265 1557,44
52 13785 1566,6
53 14315 1576,96
54 14855 1588,6
55 15405 1601,6
56 15965 1616,04
57 16535 1632
58 17115 1649,56
59 17705 1668,8
60 18305 1689,8
61 18915 1712,64
62 19535 1737,4
63 20165 1764,16
64 20805 1793
65 21455 1824
66 22115 1857,24
67 22785 1892,8
68 23465 1930,76
69 24155 1971,2
70 24855 2014,2
71 25565 2059,84
72 26285 2108,2
73 27015 2159,36
74 27755 2213,4
75 28505 2270,4
76 29265 2330,44
77 30035 2393,6
78 30815 2459,96
79 31605 2529,6
80 32405 2602,6
81 33215 2679,04
82 34035 2759
83 34865 2842,56
84 35705 2929,8
85 36555 3020,8
86 37415 3115,64
87 38285 3214,4
88 39165 3317,16
89 40055 3424
-10 91 146,666666666667
-9 73 233,333333333333
-8 57 276
-7 43 290,666666666667
-6 31 293,333333333333
-5 21 300
-4 13 326,666666666667
-3 7 389,333333333333
-2 3 504
-1 1 686,666666666667
